11.071
12.541
12.310
10.346
9.537
9.278
10.258
9.939
9.162
8.971
8.996
10.106
8.450
9.091
9.346
8.537
11.687
11.138
10.606
8.287
8.516
9.277
8.351
8.195
8.307
8.647
8.936
9.087
8.958
9.461
9.486
8.525
11.162
8.118
7.782
9.702
10.901
8.751
8.272
9.487
9.945
8.021
8.146
8.118
10.603
7.680
10.294
9.179
8.888
10.158
7.835
8.003
7.915
7.877
9.525
12.653
8.224
7.574
7.988
8.033
8.764
9.889
8.001
10.177
9.757
8.743
9.493
11.835
9.180
10.583
7.799
7.687
8.075
12.256
7.578
7.544
7.727
7.690
8.003
8.275
9.692
8.294
7.664
8.431
9.440
10.232
7.330
7.713
7.640
7.539
9.264
10.726
7.552
10.595
14.288
8.893
7.419
8.030
8.544
9.088
8.391
10.703
8.008
9.208
8.848
11.062
8.883
9.606
8.129
7.150
10.793
11.256
10.462
7.568
10.089
7.449
9.399
8.748
10.595
7.634
7.853
8.752
7.120
10.139
8.565
7.903
8.456
10.970
7.178
7.798
7.346
11.953
10.144
8.738
12.526
10.915
8.161
9.036
6.940
7.569
7.456
8.758
8.623
9.385
7.929
10.418
8.781
9.299
8.665
7.057
8.063
7.946
8.113
8.732
8.184
9.378
8.322
8.639
10.876
10.910
7.992
10.755
9.675
8.056
9.271
7.116
10.113
6.831
10.899
9.825
8.568
9.942
11.956
7.272
11.073
10.402
7.725
10.844
9.920
9.315
8.581
6.968
9.943
8.240
10.548
9.097
11.445
8.634
9.971
11.463
9.561
8.884
7.784
8.523
10.087
10.677
9.135
7.198
7.052
6.954
8.096
10.903
8.899
9.065
8.194
11.438
11.744
7.493
7.946
8.030
8.649
9.660
8.677
10.129
7.074
8.039
9.436
10.103
7.014
8.078
7.194
7.677
6.685
11.176
6.932
6.839
7.505
7.286
9.665
7.243
9.961
8.781
7.522
7.616
7.302
13.295
7.361
7.296
10.963
8.430
8.686
10.210
7.203
12.767
7.054
8.835
8.418
8.856
9.287
7.281
10.447
8.607
7.576
7.084
6.907
10.186
7.802
10.041
7.476
10.530
7.211
9.679
7.046
13.585
8.340
8.368
7.112
7.509
7.710
8.062
12.077
10.733
8.257
6.742
9.141
11.838
9.125
10.091
7.901
7.649
6.697
7.834
7.811
7.423
8.429
7.168
7.588
8.359
8.421
8.659
9.515
9.016
7.287
7.673
7.761
8.392
7.984
6.599
8.058
6.720
9.249
6.927
7.815
8.019
7.901
9.013
8.099
7.823
7.457
9.122
8.187
7.673
6.913
7.399
10.306
8.119
7.551
7.768
7.241
7.761
7.340
7.289
7.394
7.679
9.309
8.046
6.936
6.938
7.332
7.599
7.296
8.296
13.717
7.992
7.623
7.834
6.756
7.451
8.069
8.159
7.473
7.338
7.401
7.872
9.783
6.882
7.837
10.120
7.020
6.717
7.155
7.397
6.889
7.218
8.906
7.732
6.866
7.012
12.107
8.269
13.643
7.249
7.148
6.710
8.625
6.829
8.642
8.572
7.468
7.747
13.636
7.048
8.528
8.497
6.818
8.043
6.977
7.613
7.978
6.716
8.294
7.276
8.598
7.073
6.597
8.163
8.292
7.254
6.595
7.355
10.480
9.715
6.637
7.831
7.035
7.968
9.025
10.168
7.089
6.972
6.702
6.947
6.627
6.896
7.874
7.013
7.432
7.376
6.999
7.492
7.419
6.820
6.815
7.094
6.553
6.615
6.530
7.113
6.590
6.905
7.196
6.344
6.736
6.439
6.590
7.868
6.330
6.732
6.313
6.680
6.689
6.677
7.164
6.916
6.742
7.087
7.625
6.301
7.491
6.913
12.833
6.318
9.703
6.887
6.739
8.235
10.025
6.774
6.324
6.299
6.545
9.759
10.668
7.685
9.462
8.356
6.732
7.831
7.941
6.588
10.616
7.325
7.727
6.622
9.297
6.636
9.815
6.506
9.672
9.688
6.910
8.028
9.366
7.423
9.879
8.172
7.193
6.417
6.756
9.455
7.804
6.367
6.557
6.739
7.399
6.832
7.828
6.510
6.357
6.503
7.270
7.497
10.180
7.343
6.439
6.260
8.918
6.679
6.566
11.073
6.741
6.055
8.639
8.806
6.858
9.225
9.790
6.263
6.792
6.406
7.495
7.236
6.376
7.658
11.006
7.724
10.274
7.927
6.600
7.198
9.808
10.109
6.988
8.397
8.970
7.323
10.876
10.701
7.630
6.537
9.148
7.204
11.053
11.710
11.553
6.808
6.745
6.701
8.119
10.222
10.964
7.762
7.176
10.490
9.071
6.466
8.268
10.827
6.726
12.519
7.053
9.816
8.598
7.952
6.937
6.815
6.857
9.790
8.250
7.717
6.793
7.004
6.599
8.421
10.052
10.158
6.384
7.563
12.741
7.101
7.676
9.138
6.967
6.705
6.355
8.167
7.662
6.900
11.862
7.101
10.700
8.372
8.227
7.557
8.672
7.045
7.889
9.553
7.429
6.906
9.109
9.153
6.526
6.883
9.502
9.347
10.647
9.779
12.173
7.284
6.438
8.946
11.535
9.884
8.236
7.925
7.433
6.819
7.630
8.341
6.593
7.907
6.720
10.406
11.818
7.874
8.618
9.547
6.893
8.756
9.220
7.215
8.978
10.495
7.372
12.580
9.004
9.911
9.127
8.254
6.556
8.105
7.770
6.485
7.795
6.380
7.859
6.938
7.246
7.329
11.518
9.077
7.096
9.878
7.771
10.032
7.577
7.976
7.006
9.284
10.079
7.335
7.116
6.824
7.246
9.640
10.142
9.202
6.534
6.954
6.658
10.983
9.322
6.998
7.643
9.580
10.913
8.244
7.421
7.100
7.574
8.399
8.704
10.085
8.173
8.084
7.425
10.349
10.055
6.856
6.975
8.728
8.586
9.925
10.692
7.635
9.831
10.485
9.307
7.043
6.559
9.549
8.326
6.721
7.809
6.760
7.357
8.198
8.718
7.082
7.628
7.097
8.020
7.825
6.374
7.414
10.832
7.642
7.871
7.391
9.351
7.475
7.650
7.157
7.154
9.232
8.728
10.201
10.644
10.412
10.149
7.090
8.433
8.200
7.622
7.358
10.126
7.287
9.968
8.482
6.702
7.712
7.661
9.253
7.738
8.397
7.770
7.734
7.626
8.544
9.379
7.515
7.614
8.343
9.894
7.445
6.759
7.347
8.996
6.766
10.760
7.293
7.493
6.693
10.300
10.492
7.883
12.594
9.258
8.937
7.711
7.821
10.719
9.447
7.618
7.089
7.493
9.813
7.120
7.113
10.769
7.504
9.503
6.557
11.465
10.214
6.968
7.172
8.130
6.468
8.916
8.757
6.659
9.626
8.619
9.058
7.060
6.588
7.657
7.041
6.853
6.463
7.901
9.827
9.001
8.456
6.855
7.651
6.746