9.277
11.284
11.088
6.216
6.369
6.095
6.773
8.055
6.488
6.525
6.835
11.373
6.065
6.308
6.466
6.881
8.118
7.769
8.865
7.199
8.152
7.914
6.273
6.827
6.565
6.678
8.355
8.837
5.974
6.234
8.578
7.741
12.508
6.683
6.332
6.351
12.530
6.824
6.196
9.209
6.024
7.305
6.048
6.541
6.262
10.388
6.201
8.603
6.625
11.515
6.150
6.385
7.143
7.335
7.257
11.504
6.476
9.984
7.728
6.397
6.325
7.092
9.126
11.564
8.713
10.319
11.347
11.189
6.833
7.717
6.173
6.876
6.985
11.159
6.341
6.441
7.030
6.568
10.024
7.742
9.007
6.676
7.272
8.865
6.960
9.294
6.161
6.528
6.124
6.061
8.972
7.933
6.486
8.322
11.535
7.245
6.675
8.321
7.160
8.038
6.374
8.187
7.110
7.972
6.483
8.563
9.160
8.992
9.850
8.441
10.519
9.104
9.922
6.166
10.794
6.696
9.071
10.239
8.828
6.460
8.272
8.485
6.261
8.768
8.981
6.715
10.268
11.266
6.355
6.441
7.693
7.726
8.316
6.532
11.154
12.212
6.753
8.379
6.034
6.363
7.244
6.832
7.538
8.172
6.829
9.751
8.459
9.355
7.899
6.176
6.566
8.628
6.350
7.402
8.105
10.414
6.772
8.681
6.124
9.074
7.060
8.147
8.082
7.026
8.070
6.551
8.436
6.068
9.984
8.693
8.054
9.232
10.576
6.327
6.896
8.001
6.403
10.386
7.616
7.593
7.708
6.325
7.409
8.353
6.787
7.977
11.001
6.316
6.550
8.405
7.627
6.352
7.209
8.533
8.135
8.758
8.314
6.670
6.099
6.326
7.086
9.299
9.977
7.489
10.207
9.531
10.691
6.043
6.168
7.039
7.351
7.449
6.615
7.607
6.225
6.735
7.546
9.540
6.719
7.835
6.133
6.656
6.084
9.462
6.237
6.250
6.242
6.201
10.806
7.791
8.799
7.002
6.254
7.409
6.408
13.840
6.476
6.079
8.171
7.686
6.404
9.489
6.232
10.386
6.487
7.636
7.591
7.911
6.500
6.207
9.616
6.616
6.868
6.055
6.405
8.511
6.845
9.639
6.700
10.276
7.259
6.636
6.792
12.558
6.985
7.568
6.412
6.354
6.363
6.704
12.383
10.290
7.768
6.154
6.562
10.188
9.242
10.011
7.984
7.159
6.209
6.261
8.346
6.215
6.586
6.335
6.519
6.840
6.611
6.374
6.887
6.758
6.271
7.024
6.417
8.619
6.361
6.322
6.918
6.095
6.605
6.042
7.235
6.265
9.187
6.155
6.424
7.202
7.600
6.590
6.462
6.396
7.440
6.470
11.620
7.708
6.261
6.343
6.505
6.638
6.545
6.472
6.244
6.431
8.999
7.261
6.684
6.272
6.976
6.599
6.755
7.171
13.454
7.320
6.853
6.391
6.140
6.318
6.636
6.354
6.641
6.367
6.430
7.414
9.951
6.374
6.611
9.077
6.340
6.362
6.140
6.698
6.336
6.422
7.605
6.661
6.103
7.580
12.825
8.767
13.489
6.438
6.605
6.183
7.356
6.288
7.351
6.159
6.665
6.558
13.608
6.380
6.262
8.193
6.382
6.503
6.331
7.510
6.408
6.279
8.185
6.208
6.414
6.437
6.251
6.469
8.966
7.001
6.142
6.607
8.602
9.704
6.140
6.407
6.315
6.405
8.336
10.932
6.415
6.543
6.180
6.375
6.513
5.965
6.276
6.381
6.244
6.715
6.311
6.901
6.669
6.311
6.281
6.860
6.154
6.064
6.399
6.307
6.197
6.561
6.152
6.211
6.372
6.268
6.407
6.353
6.296
7.125
6.071
6.415
6.368
6.585
6.304
6.999
6.196
6.175
6.869
6.172
6.211
6.064
12.222
6.367
9.215
6.468
6.452
9.935
11.508
6.313
6.492
6.456
6.146
10.190
9.889
7.184
9.832
9.680
7.380
6.258
8.641
6.537
11.216
6.412
6.438
6.363
9.455
6.466
10.585
6.388
10.311
7.513
7.547
6.181
8.995
7.699
8.748
7.318
6.729
6.247
6.818
9.804
7.546
6.348
6.384
6.598
6.553
7.165
8.137
6.567
7.126
6.581
6.654
8.551
11.347
10.478
6.324
6.183
9.029
6.572
6.286
11.455
6.568
6.341
9.489
8.288
6.842
10.073
8.859
6.302
7.570
6.912
7.909
6.574
6.384
7.810
10.426
7.536
10.976
7.475
6.246
7.984
9.843
11.400
6.707
6.393
9.184
7.658
10.716
11.921
8.435
6.325
8.302
8.304
10.403
10.858
12.225
6.263
7.584
6.814
7.194
11.123
10.233
7.969
6.697
8.583
8.657
6.517
9.800
10.323
6.253
11.093
6.604
12.109
7.547
9.926
6.907
7.144
8.360
9.274
7.641
7.212
6.499
7.213
6.554
10.261
11.190
9.650
6.213
8.231
13.506
7.718
7.846
9.152
8.418
6.162
6.642
7.489
7.626
7.819
11.778
7.581
10.578
9.357
7.698
7.675
7.485
8.637
7.967
10.658
6.398
7.247
8.735
9.513
6.555
6.648
12.183
10.272
11.795
10.101
11.904
7.932
6.688
9.053
11.485
11.245
8.091
8.279
8.066
9.260
8.013
6.890
6.625
7.614
7.829
12.278
12.429
6.940
7.970
8.703
7.416
8.190
8.880
9.805
9.631
11.729
7.649
13.151
9.717
10.722
7.544
6.837
6.214
8.782
8.459
6.908
8.259
6.324
8.651
6.459
7.227
7.673
11.611
8.101
8.051
11.485
6.629
10.980
10.763
8.246
7.618
9.513
9.822
7.622
7.613
7.240
7.489
9.297
9.988
9.609
6.143
7.316
6.466
11.236
9.380
8.179
8.655
11.344
11.629
9.552
8.999
6.313
6.419
8.109
10.186
7.224
8.209
7.158
7.508
10.841
9.665
6.139
6.798
9.243
7.826
10.132
9.436
6.707
8.411
11.187
8.758
6.991
6.752
9.762
8.764
6.658
9.201
7.581
6.744
8.212
7.485
7.366
8.134
6.967
8.844
7.921
6.809
6.094
9.610
7.269
7.960
8.023
8.279
6.700
8.350
8.326
6.304
10.231
10.604
10.804
11.970
12.113
7.673
6.152
8.631
9.695
9.210
8.233
10.992
8.849
10.348
6.701
6.323
8.460
10.306
7.475
9.965
9.428
6.861
9.307
6.728
7.232
10.855
7.989
6.303
10.539
11.995
9.891
6.887
8.785
10.740
6.422
11.757
8.574
6.634
6.234
12.695
12.494
6.474
12.963
10.302
9.443
7.328
8.660
9.962
7.109
11.082
8.825
9.473
10.893
8.343
6.402
11.319
10.093
7.337
6.550
12.226
12.689
7.572
7.039
6.083
6.218
10.018
11.769
6.976
12.610
9.411
7.656
8.446
6.447
13.054
6.928
6.175
6.958
6.218
10.812
9.491
10.336
6.225
9.596
9.432