10.760
12.754
12.362
8.626
9.218
8.853
10.346
11.487
8.518
7.673
8.430
9.247
7.889
9.187
8.858
7.272
10.643
9.864
11.164
7.867
9.445
9.595
8.917
7.812
8.510
7.941
9.271
9.244
7.959
8.435
9.865
9.110
11.036
7.083
7.887
9.430
10.907
8.482
7.521
8.902
8.480
8.144
8.380
8.060
8.867
7.820
8.638
9.348
8.849
10.303
7.630
8.009
7.610
6.905
10.218
12.146
8.074
7.607
7.001
7.189
8.341
8.566
7.449
9.979
9.317
8.758
8.605
11.319
9.475
10.682
7.583
8.079
7.550
11.946
7.236
7.901
7.669
7.459
7.423
7.860
9.752
7.659
7.456
8.094
8.757
9.973
7.264
7.781
6.369
7.628
9.422
10.213
7.965
10.408
14.551
8.870
7.462
7.534
7.828
8.508
7.002
10.941
7.776
9.577
8.572
10.810
8.803
9.381
7.658
7.481
10.623
11.326
10.149
7.151
9.888
7.187
8.953
8.618
10.213
7.281
7.547
8.816
6.572
9.896
8.196
7.110
8.198
10.715
6.840
7.936
7.228
12.213
9.636
8.622
13.055
10.520
7.553
8.631
7.263
6.911
7.780
8.657
8.626
9.137
7.412
10.123
8.721
9.512
8.160
7.275
8.067
7.673
8.736
8.587
7.885
8.729
7.860
8.555
10.675
10.838
7.672
10.906
9.793
7.177
8.997
7.101
9.816
6.851
10.705
10.236
8.571
9.668
12.394
7.018
10.647
10.399
7.635
10.780
9.968
9.084
8.699
6.365
10.120
8.179
9.943
9.495
11.610
8.543
9.541
10.995
9.271
8.537
7.624
8.240
9.980
10.588
9.009
6.936
7.121
6.362
7.671
10.463
8.491
8.812
7.904
11.734
11.860
7.251
7.824
7.749
8.281
9.347
8.364
9.965
6.731
7.785
9.383
9.757
6.737
7.871
7.217
7.781
6.881
10.927
6.936
6.483
6.855
6.670
9.299
7.146
9.819
8.793
7.207
7.613
7.361
13.299
6.787
6.184
10.568
8.303
8.167
10.048
7.179
12.512
6.928
8.920
8.616
8.893
8.333
6.928
10.448
8.677
7.405
6.733
6.192
10.132
8.056
9.797
7.353
10.077
6.946
8.394
6.501
13.550
8.200
8.438
6.682
6.941
7.247
8.165
12.113
10.576
7.841
6.513
9.149
11.698
9.200
10.073
7.587
7.399
6.813
7.865
7.327
7.003
8.401
6.994
6.987
8.406
8.633
8.821
9.173
8.643
6.828
7.223
7.594
8.487
7.996
6.596
7.551
6.468
9.321
6.546
8.008
7.823
7.917
8.849
8.161
7.909
7.223
8.834
7.710
7.471
6.781
7.107
10.285
8.269
7.939
7.832
7.241
6.722
7.464
6.963
7.090
7.616
9.003
8.006
6.954
6.764
7.410
7.337
7.240
8.097
13.551
8.096
7.701
7.691
6.546
6.689
7.529
8.073
7.388
7.158
7.409
7.668
9.888
6.503
7.859
9.883
6.582
6.838
6.150
7.413
6.585
7.252
8.717
7.292
6.695
6.770
12.249
8.321
13.847
7.282
7.123
6.894
8.054
6.880
8.621
8.282
7.151
7.722
13.375
6.399
8.037
8.719
6.513
7.615
6.732
7.245
8.048
6.520
7.935
7.002
8.672
6.871
6.601
7.861
8.408
7.217
6.644
7.356
10.361
9.444
6.350
7.445
6.817
7.662
9.327
9.830
6.884
6.798
6.515
6.489
6.423
6.711
7.823
6.869
7.357
7.027
6.894
7.060
7.260
6.768
6.649
6.974
6.489
6.508
6.702
7.025
6.689
6.855
7.177
6.336
6.468
6.377
6.312
7.903
6.139
6.847
6.216
6.743
6.617
6.648
7.418
6.971
6.916
7.155
7.847
6.352
7.571
6.692
13.093
6.485
9.794
7.091
6.973
8.511
10.094
6.681
6.250
6.242
7.088
9.918
10.688
7.800
9.719
8.559
7.064
7.729
8.104
6.582
10.488
7.225
7.685
6.515
9.533
6.619
9.558
6.607
9.713
10.130
7.049
7.846
9.425
7.050
10.068
7.786
7.236
6.282
6.766
9.514
8.249
6.510
6.782
6.967
7.344
6.984
7.803
6.586
6.356
6.564
7.411
7.183
10.291
7.147
6.432
6.288
8.998
6.867
6.670
11.268
6.938
6.246
8.799
9.091
6.788
9.185
9.895
6.234
6.857
6.522
7.775
7.510
6.302
7.960
11.022
8.485
10.668
7.803
6.540
6.888
9.844
10.069
7.137
8.466
8.924
7.563
10.999
10.812
7.597
6.512
9.373
7.345
10.851
11.550
11.357
6.553
6.977
6.564
7.585
10.250
10.983
7.775
7.409
10.506
8.854
6.620
8.341
10.988
6.523
12.420
6.794
9.771
8.563
7.805
6.573
6.634
6.675
9.846
8.254
7.633
6.833
7.140
6.544
8.352
10.127
10.470
6.504
7.657
12.770
7.385
7.764
9.324
6.837
6.403
6.510
8.125
7.887
6.825
12.239
7.133
10.697
8.297
8.433
7.493
8.085
7.098
7.989
9.634
7.442
6.929
9.295
9.005
6.495
6.759
9.235
9.547
10.680
9.427
12.093
7.110
6.381
9.012
11.768
9.893
8.233
8.087
7.563
6.810
7.974
7.970
6.623
8.126
6.541
10.214
11.968
8.228
8.814
9.647
6.979
8.630
9.218
7.465
9.116
10.436
7.524
12.264
9.430
9.682
8.891
8.272
6.465
8.068
7.777
6.307
7.995
6.279
8.288
6.976
7.181
7.527
11.190
9.106
7.330
9.891
7.839
9.687
7.306
8.001
7.231
9.398
9.864
7.487
7.147
6.969
7.022
9.626
10.281
9.477
6.574
7.190
6.804
10.937
9.444
6.937
7.651
9.495
11.024
8.015
7.207
6.893
7.582
8.532
8.507
9.986
8.246
7.733
7.725
9.914
10.145
7.029
7.388
8.378
8.695
10.062
11.162
6.894
9.806
10.135
9.691
6.836
6.441
9.863
8.563
6.594
7.866
6.676
7.186
7.440
8.661
6.980
7.166
7.149
7.866
7.734
6.361
8.247
10.635
7.788
7.780
7.553
9.707
7.634
7.269
6.809
7.024
9.080
8.534
9.188
10.728
9.919
9.527
7.387
8.219
8.150
7.936
7.481
9.737
7.154
10.599
7.873
6.665
7.206
8.121
8.675
7.523
8.353
7.645
7.693
8.472
8.812
8.940
7.332
7.025
8.288
10.093
7.199
6.492
7.166
8.142
6.461
10.607
7.658
7.365
6.498
10.403
10.175
7.785
12.620
8.720
9.453
8.101
7.672
10.553
9.498
7.689
6.993
7.841
9.233
6.824
7.051
11.007
7.624
9.557
6.558
11.457
9.980
6.733
7.008
8.620
6.479
8.847
8.689
6.739
8.410
8.940
8.523
7.633
6.696
7.766
6.881
6.450
6.764
9.400
9.810
8.854
8.603
7.052
7.840
6.569