8.790
9.023
8.893
6.331
6.237
6.104
6.615
8.829
6.510
7.059
6.381
12.707
6.133
6.203
6.390
6.279
7.337
7.307
7.298
6.400
6.200
6.944
6.348
6.172
6.349
6.816
7.529
8.878
6.109
6.214
7.034
6.755
11.735
7.060
6.190
6.202
10.926
6.839
6.026
8.845
6.061
6.625
6.251
6.678
6.276
6.477
6.226
8.514
6.510
11.342
6.019
6.432
6.686
6.205
6.794
10.413
6.270
6.614
6.370
6.417
6.196
6.495
11.673
11.320
7.828
8.894
10.780
9.689
6.745
7.248
6.200
6.623
6.568
11.245
6.150
6.442
6.225
6.300
9.408
6.851
8.052
6.534
6.240
9.613
6.429
9.362
6.116
6.586
6.234
6.157
8.347
7.706
6.183
8.674
9.535
8.140
6.407
7.883
6.861
7.026
6.280
7.816
7.663
7.283
6.430
8.585
8.468
9.373
9.125
6.283
10.707
8.993
9.469
6.170
10.409
6.581
8.823
8.722
9.035
6.458
10.290
8.026
6.199
8.570
8.059
7.434
10.279
11.802
6.208
6.349
7.055
7.322
8.637
6.235
10.003
9.543
6.301
8.848
6.141
6.409
6.861
6.895
7.278
7.365
6.819
9.407
7.235
8.868
7.940
6.218
6.403
7.203
6.359
7.889
7.549
10.396
6.778
8.520
6.236
9.119
7.023
8.193
8.270
7.172
7.877
6.383
8.666
6.096
9.015
8.415
7.708
9.248
9.652
6.257
7.032
8.068
6.415
9.192
7.299
7.774
7.559
6.531
6.800
7.448
6.504
7.855
10.172
6.301
6.515
8.561
7.821
6.282
6.602
9.268
8.059
9.220
7.819
6.929
5.940
6.328
6.964
9.887
10.088
7.465
9.924
8.456
9.452
5.959
6.133
7.390
8.180
7.132
6.936
7.884
6.262
6.355
7.898
9.510
6.523
7.765
6.213
6.523
6.077
9.847
6.238
6.305
6.551
6.345
9.738
7.287
8.528
7.038
6.205
7.131
6.440
13.101
6.880
6.137
8.770
7.002
6.376
9.302
6.184
10.585
6.229
7.462
8.602
7.670
6.541
6.163
9.093
7.034
6.520
6.084
6.264
8.373
6.473
9.755
6.622
10.257
6.250
7.211
6.600
12.811
7.697
7.428
6.308
6.349
6.802
6.757
12.423
10.398
7.775
6.206
6.573
10.206
9.597
10.352
8.281
6.781
6.165
6.201
8.828
6.153
6.471
6.435
6.313
6.490
6.448
6.351
6.717
6.943
6.509
6.918
6.301
8.518
6.232
6.209
6.728
6.168
6.261
6.134
6.822
6.162
9.805
6.338
6.376
7.326
6.904
6.877
6.027
6.368
7.980
6.363
12.273
7.445
6.343
6.439
6.449
6.963
6.532
6.351
5.956
6.445
9.173
7.115
6.653
6.297
7.180
6.542
6.482
6.514
13.661
6.600
6.657
6.432
6.085
6.624
6.260
6.298
6.799
6.350
6.467
7.553
9.166
6.289
6.645
7.655
6.421
6.199
6.154
6.551
6.405
6.710
8.063
7.204
6.184
6.469
12.180
8.030
13.682
6.427
6.496
6.326
7.534
6.625
7.690
6.120
6.645
6.531
13.710
6.223
6.250
8.196
6.476
6.492
6.406
7.350
6.315
6.206
8.205
6.144
6.382
6.182
6.164
6.437
8.545
6.686
6.146
6.409
8.990
8.586
6.241
6.503
6.208
6.897
8.135
9.972
6.547
6.542
6.259
6.232
6.348
6.139
6.328
6.222
6.268
6.801
6.307
6.942
6.622
6.438
6.254
6.757
6.290
6.145
6.368
6.331
6.284
6.895
6.438
6.280
6.283
6.246
6.357
6.358
6.369
7.169
6.108
6.725
6.255
6.565
6.471
7.446
6.402
6.248
7.041
6.182
6.267
6.206
12.506
6.172
8.925
6.736
6.310
9.378
11.437
6.304
6.355
6.157
6.131
9.944
10.590
7.817
10.133
9.789
6.608
6.281
8.069
7.186
10.978
6.677
6.367
6.314
9.347
6.385
10.736
6.304
10.230
8.047
7.459
6.174
9.062
7.974
9.136
6.904
6.774
6.451
7.010
10.306
7.161
6.509
6.563
6.769
6.641
7.605
8.185
6.321
6.931
6.500
6.596
8.130
10.936
9.756
6.212
6.242
8.729
6.611
6.340
10.858
6.486
6.104
9.487
8.177
7.305
9.468
9.711
6.434
8.327
7.171
8.390
6.416
6.513
7.916
9.975
7.451
10.701
7.867
6.080
7.262
9.516
12.019
6.930
6.388
9.371
8.273
10.467
11.318
9.436
6.526
8.601
8.611
10.701
11.143
13.392
6.216
7.770
7.028
7.637
10.906
10.767
8.538
6.909
8.947
9.081
6.486
9.212
10.788
6.236
10.893
6.595
10.399
8.107
11.094
7.635
8.116
7.872
9.109
7.598
7.148
6.569
7.466
6.706
9.575
11.255
9.493
6.240
8.729
13.803
7.824
8.330
10.170
9.494
6.143
6.955
7.954
7.570
8.370
11.821
7.589
10.785
9.914
8.333
8.213
7.374
7.584
8.720
10.631
6.585
6.980
8.737
8.745
7.217
7.252
12.004
10.622
11.356
10.174
11.683
8.308
7.075
8.368
11.688
10.640
8.894
8.428
7.968
9.385
8.864
7.427
6.715
8.553
8.161
11.881
12.906
6.917
8.441
9.361
8.170
8.759
8.940
9.573
10.546
12.143
8.605
13.755
9.897
10.888
7.376
7.745
6.487
9.977
9.404
6.052
7.903
6.325
8.661
6.628
8.928
8.263
11.507
8.879
8.518
11.693
6.680
11.204
11.789
7.939
8.018
8.731
9.424
8.435
7.885
7.819
7.815
9.275
10.941
9.537
6.366
7.575
6.462
12.009
9.640
9.547
8.590
10.753
11.942
8.883
9.124
6.261
6.414
7.772
10.655
7.577
9.016
7.189
7.845
11.858
9.653
6.239
6.470
8.452
7.256
8.894
8.637
6.952
9.123
11.909
7.644
6.939
7.211
10.689
9.662
6.727
10.139
8.706
7.714
7.584
8.135
7.617
8.958
7.996
8.347
7.451
7.503
6.052
9.098
7.022
8.718
8.649
8.473
6.640
9.866
9.134
6.378
10.343
11.692
10.659
10.666
12.935
7.346
6.200
8.580
9.927
8.223
8.343
11.316
9.341
9.709
6.628
6.142
8.674
9.682
7.576
10.337
8.898
6.383
9.761
6.757
7.539
10.981
7.254
6.287
9.494
12.513
10.660
7.312
9.359
10.816
6.425
12.275
8.973
6.442
6.759
12.946
13.021
6.379
13.637
10.806
9.516
7.143
10.559
11.056
7.585
11.700
8.307
9.694
11.326
8.095
6.719
12.422
11.177
7.394
6.628
12.629
11.026
7.262
6.933
6.174
6.192
9.699
12.512
6.917
12.824
8.553
8.359
9.635
6.327
12.987
7.411
6.250
7.775
6.112
10.322
9.486
11.045
6.207
10.456
10.460