8.845
10.294
9.994
6.375
6.218
6.026
6.527
7.422
6.279
6.812
6.438
12.682
6.026
6.121
6.483
6.278
7.897
7.816
7.722
6.502
6.998
8.430
6.250
6.249
6.317
6.675
8.267
9.164
5.971
6.273
7.345
7.106
12.103
6.838
6.227
6.261
11.952
6.936
6.182
8.851
6.072
7.219
6.181
6.595
6.190
8.769
6.306
8.588
6.382
11.910
6.102
6.185
6.618
6.521
6.451
11.234
6.380
8.438
7.324
6.279
6.319
6.520
11.331
11.451
8.175
9.715
11.143
10.572
6.723
7.391
6.187
6.723
6.709
11.279
6.264
6.440
6.364
6.396
10.294
7.228
8.645
6.701
6.441
9.699
6.849
9.312
6.169
6.494
6.212
6.221
9.114
7.966
6.166
8.633
11.168
8.089
6.447
8.088
6.797
7.453
6.357
7.446
7.373
7.737
6.398
8.819
8.339
9.309
9.612
6.631
10.861
9.239
9.755
6.238
10.696
6.696
9.320
10.196
9.100
6.570
9.394
7.757
6.212
8.755
8.557
6.895
10.369
11.572
6.237
6.628
7.081
7.463
8.708
6.223
10.527
10.913
6.765
8.693
6.027
6.404
7.162
6.653
7.161
7.754
7.312
9.983
7.579
9.580
8.183
6.271
6.511
8.136
6.361
7.709
7.641
11.325
6.901
9.175
6.182
9.192
7.304
7.953
8.518
7.113
8.084
6.320
8.986
6.068
9.682
8.481
7.699
9.201
10.041
6.186
7.202
7.848
6.506
10.089
7.511
7.892
7.756
6.755
6.928
7.927
6.643
8.308
10.683
6.343
6.614
8.523
7.793
6.401
6.606
8.912
8.245
9.063
8.207
6.641
6.109
6.841
7.224
9.671
10.700
7.454
11.165
8.741
10.230
6.053
6.226
7.124
7.895
7.036
6.716
7.966
6.279
6.580
8.051
9.669
6.901
8.130
6.156
6.687
6.081
9.663
6.185
6.441
6.436
6.253
10.841
6.961
8.800
7.160
6.180
7.349
6.306
13.702
6.580
6.189
8.513
7.146
6.633
9.503
6.226
10.582
6.329
7.750
8.421
7.800
6.428
6.311
9.415
7.145
6.747
6.058
6.128
8.578
6.875
9.539
6.661
10.078
6.483
6.867
6.446
12.605
7.463
7.586
6.433
6.296
6.588
6.484
12.668
10.674
8.017
6.334
6.621
10.162
9.219
10.252
8.240
6.873
6.064
6.064
8.970
6.199
6.623
6.367
6.255
6.686
6.411
6.296
6.448
6.954
6.231
7.542
6.614
8.662
6.266
6.271
6.581
6.240
6.589
5.961
6.972
6.193
9.265
6.376
6.654
7.457
7.347
6.521
6.101
6.511
7.950
6.497
11.714
7.445
6.325
6.358
6.345
6.899
6.468
6.358
6.169
6.356
9.078
7.150
6.597
6.165
7.262
6.468
6.473
7.077
13.638
7.190
6.531
6.382
6.178
6.366
6.435
6.301
6.498
6.128
6.361
7.310
9.468
6.421
6.516
8.180
6.285
6.178
6.149
6.470
6.314
6.557
7.617
7.026
6.229
6.587
12.581
8.524
13.733
6.347
6.578
6.367
7.465
6.426
7.492
6.155
6.446
6.528
13.688
6.145
6.248
8.170
6.560
6.427
6.330
7.682
6.431
6.253
8.052
6.067
6.456
6.323
6.267
6.359
8.985
7.067
6.149
6.431
8.668
8.909
6.208
6.344
6.314
6.517
8.128
10.359
6.332
6.747
6.223
6.210
6.654
6.030
6.207
6.250
6.197
6.904
6.332
6.807
6.590
6.477
6.287
6.975
6.180
6.206
6.343
6.408
6.221
6.717
6.394
6.229
6.253
6.252
6.412
6.436
6.571
7.091
6.129
6.339
6.297
6.616
6.282
7.104
6.322
6.251
7.068
6.270
6.168
6.187
12.393
6.227
9.133
6.428
6.296
9.196
11.401
6.313
6.247
6.336
6.039
9.870
10.024
7.322
9.546
9.815
6.902
6.315
8.526
7.052
10.765
6.460
6.407
6.195
9.639
6.374
10.604
6.284
10.065
7.858
7.382
6.150
8.851
7.785
8.893
6.916
6.668
6.464
6.932
9.981
7.253
6.423
6.810
6.685
6.587
7.348
7.822
6.424
7.357
6.416
6.496
7.979
11.052
9.837
6.236
6.128
8.746
6.584
6.362
10.889
6.536
6.212
9.448
8.070
7.117
9.692
9.545
6.596
8.107
6.989
8.023
6.625
6.542
7.798
10.006
7.508
10.915
7.669
6.054
7.133
9.433
11.255
6.848
6.357
9.149
7.923
10.585
11.542
8.892
6.252
8.291
8.756
10.233
10.491
12.884
6.137
7.601
7.089
7.285
10.956
10.369
8.011
6.728
8.729
8.533
6.410
9.495
10.533
6.260
10.700
6.662
11.482
7.775
10.686
7.234
7.476
7.908
9.010
7.622
7.229
6.436
7.081
6.622
10.188
11.051
9.435
6.238
8.416
13.402
7.673
8.168
9.461
9.313
6.318
6.541
7.667
7.886
7.966
11.415
7.490
10.567
10.197
7.840
7.785
7.183
8.109
8.394
10.557
6.341
7.243
9.052
9.323
6.595
6.846
12.093
10.528
11.172
10.550
11.531
8.029
6.972
8.095
11.417
10.784
8.477
8.793
7.881
9.126
8.615
7.110
6.675
8.129
7.759
12.036
12.389
7.095
8.211
8.683
7.453
8.487
8.621
9.741
9.995
11.542
8.341
13.217
9.391
10.571
7.556
7.322
6.372
9.420
8.946
6.373
7.708
6.676
8.553
7.190
8.580
8.026
11.550
8.323
8.690
11.402
6.553
10.898
11.375
8.111
7.585
8.654
10.126
8.044
7.564
7.318
7.778
8.967
10.486
9.157
6.173
7.156
6.430
11.429
9.116
8.673
8.501
10.905
11.598
9.252
9.068
6.305
6.385
7.234
10.617
7.467
8.728
6.824
7.762
11.316
9.186
6.158
6.918
8.536
7.517
9.233
9.164
6.556
8.624
11.443
7.811
6.735
6.680
10.437
8.786
6.498
9.755
8.467
7.325
8.248
7.599
7.965
8.322
7.377
8.205
7.860
6.992
6.183
9.270
6.953
8.271
8.424
8.049
6.664
9.603
8.925
6.196
10.169
11.484
10.841
10.878
12.932
7.316
6.389
8.787
10.027
8.267
7.824
10.517
8.930
9.409
6.807
6.277
8.753
9.857
7.514
10.398
9.098
6.557
9.725
7.075
7.538
11.385
7.086
6.333
9.611
12.011
10.317
7.468
8.936
10.911
6.397
11.980
8.614
6.311
6.577
12.600
12.753
6.248
13.435
10.931
9.001
7.238
9.775
10.467
7.341
11.347
9.184
9.946
10.806
7.851
6.884
11.786
10.376
7.347
6.745
12.217
11.682
7.204
6.616
5.996
6.213
9.813
12.338
6.964
12.563
8.885
7.963
9.093
6.354
12.939
7.415
6.222
6.979
6.054
9.641
9.349
10.756
6.298
10.193
10.103