9.144
12.033
11.750
6.191
6.266
6.288
9.297
8.130
6.509
6.276
6.802
10.104
6.152
8.370
6.651
6.790
8.465
7.960
10.088
7.188
8.778
8.841
6.233
6.367
7.631
6.841
8.904
10.444
5.970
6.353
9.240
8.405
12.371
6.512
6.945
6.462
11.361
6.840
6.216
9.727
6.055
7.770
6.414
6.527
6.158
8.557
6.275
9.437
7.122
11.388
6.110
7.115
7.909
7.790
8.724
12.069
6.452
8.216
6.583
6.463
6.390
7.238
8.351
10.884
9.147
9.010
10.571
11.117
7.562
9.661
6.103
6.833
7.007
11.371
6.164
6.407
8.178
6.973
8.151
6.921
8.678
6.841
7.787
8.052
7.040
9.367
6.560
6.457
6.319
6.238
9.739
7.697
6.512
8.166
12.582
7.905
6.595
8.012
7.096
7.544
6.372
10.203
7.220
8.852
6.512
8.598
9.448
7.755
9.459
7.148
10.693
9.943
10.144
6.011
9.857
6.853
9.311
10.055
8.527
6.451
7.626
9.158
6.430
9.768
7.942
6.754
10.152
10.010
6.191
6.572
7.754
10.134
7.365
7.882
12.328
11.166
6.416
8.422
5.972
6.430
7.504
7.537
7.712
7.760
6.370
9.942
8.571
9.041
7.159
6.203
6.503
7.529
6.400
7.014
8.599
9.264
6.723
8.412
6.313
10.553
6.728
8.436
9.594
6.862
7.907
6.669
9.271
6.102
10.275
9.653
8.174
9.295
11.711
6.280
7.497
8.123
6.583
10.217
8.728
7.891
8.113
6.254
8.127
8.236
6.756
8.535
11.458
6.804
6.500
9.501
8.263
6.209
7.019
8.204
9.528
9.269
8.524
7.003
6.853
6.208
7.835
9.393
9.320
8.075
8.492
11.003
10.448
6.129
6.111
8.111
7.427
7.967
7.000
9.062
6.240
7.028
8.094
9.624
6.482
7.368
6.200
6.878
6.044
10.565
6.256
6.243
6.144
6.236
9.679
7.920
9.716
7.728
6.807
7.344
6.455
13.028
6.441
6.016
8.822
7.972
6.571
9.681
6.306
11.309
6.248
8.430
7.999
8.596
7.085
7.090
9.890
6.722
7.220
6.168
6.557
8.861
6.983
9.530
6.753
10.001
7.015
7.133
7.385
13.227
7.484
7.230
6.373
6.290
7.292
6.813
12.417
10.115
7.171
6.156
6.489
11.083
9.578
10.082
7.281
7.097
6.051
7.089
6.932
6.315
7.176
6.113
6.622
7.889
6.869
6.560
7.289
7.085
6.362
6.540
7.464
8.266
6.597
6.617
7.127
6.242
7.039
6.279
7.574
6.298
8.969
6.229
6.399
7.460
7.445
6.809
6.413
6.308
6.815
6.275
11.829
8.041
6.494
6.650
6.415
7.021
6.499
6.394
6.276
6.457
9.271
7.248
6.999
6.324
7.573
7.153
6.810
7.004
13.709
7.445
6.731
6.512
6.084
6.322
6.754
6.360
7.492
6.379
6.459
7.340
10.143
6.345
6.876
8.633
6.510
6.256
6.264
6.897
6.321
6.370
8.062
6.686
6.460
7.471
12.384
8.659
13.781
6.501
6.407
6.224
7.943
6.316
7.572
6.651
6.669
6.577
13.699
6.349
6.244
8.832
6.505
6.722
6.336
7.452
6.409
6.342
8.079
6.099
6.441
6.384
6.210
6.250
8.517
6.911
6.187
6.547
9.389
9.271
6.180
6.312
6.339
6.540
8.658
10.689
6.473
6.421
6.449
6.289
6.540
5.979
6.390
6.257
6.265
6.448
6.468
6.740
6.575
6.348
6.321
6.726
6.322
6.103
6.374
6.324
6.257
6.525
6.445
6.203
6.374
6.269
6.381
6.453
6.180
7.073
6.066
6.578
6.210
6.659
6.450
7.168
6.380
6.184
7.156
6.173
6.179
6.143
12.399
6.434
9.186
6.644
6.401
9.978
11.104
6.357
6.279
6.174
6.149
9.968
10.750
7.533
10.506
9.542
7.267
6.358
8.421
6.326
10.834
6.637
6.332
6.412
9.293
6.846
10.335
6.315
10.198
7.880
7.449
6.125
8.891
7.015
9.366
7.226
7.093
6.178
6.809
9.598
7.376
6.511
6.371
6.780
6.906
7.092
8.004
6.281
6.636
6.535
6.991
8.225
10.862
8.772
6.396
6.036
8.836
6.939
6.247
11.505
6.661
6.193
9.841
8.421
6.941
9.762
9.489
6.183
7.408
6.606
8.224
6.428
6.574
8.449
10.086
8.386
10.984
7.446
6.219
7.776
9.727
11.366
7.479
6.534
9.216
8.098
11.502
11.513
8.515
6.375
9.222
7.975
10.503
10.802
12.023
6.179
7.501
6.520
7.224
10.791
10.354
7.968
6.419
9.471
9.260
6.503
9.429
10.368
6.093
11.478
6.429
11.057
8.030
9.109
7.143
7.233
7.542
9.227
8.279
6.747
6.473
7.009
6.655
10.058
10.461
9.563
6.304
8.376
13.269
7.912
7.959
9.215
7.488
6.223
7.029
7.359
8.059
7.545
11.954
7.713
10.524
9.528
8.043
7.849
7.053
7.629
7.686
10.257
6.595
6.593
8.100
9.180
7.286
7.670
11.895
10.164
11.827
9.735
11.840
7.848
6.517
9.060
11.755
10.178
7.593
8.332
8.050
8.629
7.690
6.890
6.552
7.752
7.068
12.097
12.286
7.694
8.127
9.047
7.427
7.704
8.843
8.832
10.617
11.819
7.378
12.919
10.489
10.732
7.095
7.145
6.643
8.441
8.634
6.852
7.984
6.815
8.736
6.348
7.074
7.703
11.856
8.418
7.429
10.901
7.546
10.834
10.458
7.833
7.580
9.562
9.019
7.169
8.021
7.155
7.387
8.423
10.141
10.577
6.283
7.250
6.402
11.393
9.465
7.507
9.058
10.675
11.665
9.109
7.578
6.797
6.464
8.418
10.738
7.467
8.157
6.824
8.144
11.660
9.959
6.206
6.969
8.796
7.940
9.277
9.380
6.928
8.522
10.657
9.669
6.802
6.642
9.655
8.726
6.748
9.041
6.733
6.640
7.971
7.665
7.303
8.039
7.492
7.945
7.065
7.005
6.169
8.902
8.619
8.112
7.549
8.663
6.810
8.213
8.474
6.259
9.945
9.970
10.155
12.085
11.646
9.484
6.215
8.385
9.197
9.751
8.595
11.297
8.536
11.563
6.743
6.453
7.573
9.445
7.247
7.421
11.195
6.785
8.503
7.002
7.058
10.732
9.185
6.290
11.433
11.581
8.651
6.822
8.627
8.507
6.382
12.081
9.167
6.503
6.363
12.470
11.502
6.196
13.188
10.279
9.710
7.381
8.339
10.675
7.892
9.442
8.320
8.599
10.571
8.620
7.664
11.786
9.176
8.173
6.430
12.273
12.824
6.800
6.996
6.901
6.176
9.972
11.523
6.914
12.486
9.672
7.297
8.272
6.632
12.985
6.573
6.202
7.258
6.423
12.234
9.309
9.958
6.251
9.145
8.690