8.397
11.886
11.506
6.178
6.326
6.131
9.887
8.166
6.537
6.209
6.488
9.404
5.938
8.825
6.613
6.406
8.430
8.104
9.104
6.575
10.227
10.242
6.277
6.478
7.963
6.947
8.656
10.654
6.025
6.391
8.333
8.266
12.117
6.531
7.413
6.828
11.390
6.961
6.146
9.070
6.010
7.510
6.673
6.381
6.313
8.213
6.423
9.503
7.494
10.633
6.101
7.240
8.275
7.569
9.831
12.251
6.583
8.168
6.304
6.320
6.532
7.816
7.535
10.005
9.300
9.082
10.273
10.730
7.837
9.967
6.222
6.744
6.770
10.765
6.198
6.436
8.234
7.214
7.600
6.578
8.817
6.970
7.652
7.617
6.866
8.951
6.978
6.421
6.265
6.274
9.462
7.586
6.728
7.978
13.398
7.662
6.670
8.238
7.140
7.436
6.568
10.714
7.126
9.190
6.748
8.518
9.521
7.889
9.157
6.964
10.569
10.447
9.924
6.327
9.512
6.956
9.461
9.930
8.621
6.339
7.497
8.875
6.276
10.156
7.759
6.629
8.857
9.970
6.145
6.615
7.749
11.420
7.051
8.546
12.885
10.885
6.569
8.354
5.991
6.439
7.236
7.762
7.777
7.924
6.379
9.918
8.265
9.080
7.423
6.134
6.464
7.523
6.847
7.001
8.854
9.525
6.765
8.309
6.056
11.317
6.433
8.884
9.622
6.686
7.755
6.871
9.572
6.094
10.675
9.932
8.150
8.459
12.308
6.275
8.141
8.734
6.631
10.257
9.319
8.298
8.373
6.360
8.811
8.033
7.179
8.707
11.685
6.840
6.693
9.999
8.835
6.359
6.908
8.241
10.182
9.477
8.594
7.058
7.099
6.280
8.188
9.513
8.936
8.418
7.985
11.356
10.726
6.231
6.206
8.174
7.517
8.291
7.102
9.852
6.209
6.798
8.759
9.478
6.510
7.216
6.277
6.672
6.052
10.881
6.237
6.441
6.260
6.326
9.658
7.555
10.073
8.130
6.763
7.423
6.544
12.450
6.474
6.185
8.705
8.001
6.594
9.656
6.227
11.481
6.273
8.766
7.837
8.832
7.360
7.080
10.127
6.604
7.291
6.266
6.531
9.252
7.055
9.805
6.897
9.939
7.048
7.541
7.053
13.256
7.552
7.451
6.415
6.329
7.649
6.994
12.502
10.029
7.391
6.116
6.873
11.275
9.361
10.105
7.448
7.078
6.045
7.308
6.882
6.448
7.517
6.223
6.722
8.270
6.934
7.355
7.853
7.456
6.480
6.388
7.856
8.593
6.814
6.221
7.078
6.347
7.588
6.449
8.008
6.461
8.566
6.341
6.418
7.401
7.576
6.841
6.837
6.459
6.449
6.224
11.524
8.132
7.048
6.919
6.539
6.909
6.461
6.425
6.469
6.492
9.261
7.484
6.935
6.291
7.389
7.290
6.990
6.995
13.782
7.605
7.023
6.644
6.186
6.318
6.833
6.625
7.698
6.458
6.569
7.459
10.191
6.368
6.965
9.176
6.377
6.352
6.264
7.013
6.296
6.555
8.393
7.031
6.524
7.309
12.087
8.582
13.755
6.558
6.561
6.326
8.107
6.400
7.783
7.248
6.608
6.657
13.461
6.354
6.331
8.891
6.545
6.659
6.342
7.412
6.347
6.345
8.264
6.228
6.369
6.461
6.158
6.303
8.563
6.894
6.154
6.531
9.626
9.302
6.196
6.283
6.395
6.437
8.908
10.396
6.498
6.331
6.437
6.296
6.533
5.970
6.477
6.327
6.117
6.485
6.571
6.535
6.662
6.489
6.173
6.666
6.417
6.151
6.189
6.542
6.197
6.662
6.515
6.331
6.256
6.267
6.174
6.471
6.213
7.236
6.093
6.616
6.278
7.099
6.371
7.045
6.370
6.148
7.523
6.255
6.171
6.186
12.656
6.400
9.479
6.768
6.499
9.687
10.807
6.279
6.208
6.007
6.183
10.149
10.699
7.687
10.850
9.348
7.045
6.181
8.382
6.312
10.787
6.814
6.366
6.448
9.184
6.671
10.018
6.343
10.032
7.690
7.192
6.103
8.802
7.036
9.661
7.354
7.070
6.097
6.879
9.406
7.782
6.492
6.566
7.001
7.035
7.215
7.979
6.500
6.728
6.519
7.197
8.059
10.540
8.226
6.291
6.147
8.971
7.106
6.269
11.486
6.704
6.247
9.743
9.114
6.786
9.421
9.805
6.320
7.282
6.891
8.093
6.575
6.496
8.470
10.201
8.384
11.038
7.962
6.181
7.875
9.895
11.290
7.768
6.491
9.129
8.506
11.539
11.401
8.394
6.389
9.708
7.986
10.217
10.812
11.996
6.137
7.290
6.489
7.282
10.585
10.620
7.923
6.484
9.995
9.440
6.514
8.716
10.267
6.213
11.495
6.395
10.686
8.088
8.721
6.910
7.265
7.377
9.838
8.714
7.039
6.592
6.829
6.998
10.198
10.413
10.009
6.235
8.483
13.009
7.883
8.099
9.217
7.217
6.289
6.874
7.562
8.281
7.252
11.798
7.426
10.347
9.300
8.654
7.740
7.124
7.396
7.807
10.075
6.766
6.463
7.747
8.791
7.006
7.620
11.346
9.871
11.570
9.837
11.753
7.909
6.667
9.078
11.731
10.017
7.596
8.760
7.862
8.596
7.880
6.716
6.713
7.944
6.780
11.441
12.056
7.887
8.727
8.814
7.508
7.745
8.690
8.314
10.628
11.422
7.521
12.480
10.616
10.403
7.575
7.292
6.788
8.239
8.792
6.794
7.898
7.205
8.774
6.335
6.708
7.812
11.904
8.519
7.694
10.422
7.857
10.201
9.809
7.795
7.439
9.484
8.944
6.956
7.872
7.028
7.556
8.810
9.863
10.964
6.236
7.289
6.433
11.036
9.494
7.295
9.177
10.125
11.492
9.290
7.423
6.562
6.441
8.906
10.659
7.411
7.977
6.686
8.603
11.358
10.217
6.645
7.022
9.068
8.140
8.829
10.211
6.936
8.947
10.649
10.037
7.137
6.544
10.233
8.804
6.866
9.428
6.564
6.438
7.843
7.958
7.071
8.090
7.656
8.350
6.572
7.554
6.194
10.524
8.821
7.945
7.456
9.018
7.385
7.644
8.801
6.364
10.215
9.257
8.846
11.712
10.737
9.373
6.347
8.475
8.749
9.682
8.684
11.399
8.181
11.730
7.142
6.259
7.266
9.008
7.550
6.939
11.471
6.696
8.705
7.149
6.815
10.994
9.770
6.585
11.564
11.504
8.427
6.682
8.297
8.397
6.400
12.062
9.229
6.703
6.517
12.085
11.048
6.401
12.996
10.742
9.888
7.584
7.952
10.659
8.431
9.048
8.380
8.031
10.441
8.449
7.759
11.426
9.026
8.645
6.304
12.107
13.010
6.811
7.194
7.422
6.339
9.946
11.943
6.878
11.512
9.554
8.227
9.519
6.876
12.323
6.540
6.256
7.070
6.891
12.583
9.310
9.103
6.403
8.238
8.224
11564