8.292
9.359
9.147
6.300
6.391
6.234
6.547
7.193
6.394
6.819
6.383
13.345
6.212
6.156
6.486
6.045
7.643
7.420
7.605
6.355
6.245
7.962
6.343
6.193
6.373
6.593
7.530
8.895
6.005
6.324
7.179
6.862
12.045
6.885
6.213
6.173
11.232
7.272
6.067
8.725
5.963
6.514
6.169
6.311
6.253
6.839
6.317
9.311
6.623
10.987
6.165
6.326
6.361
6.424
6.396
10.143
6.300
6.821
6.383
6.401
6.358
6.411
11.587
11.217
7.398
9.101
10.622
9.025
6.742
7.416
6.129
6.844
6.498
10.252
6.237
6.434
6.321
6.465
9.762
6.987
8.087
6.633
6.391
10.019
6.429
8.446
6.154
6.519
6.155
6.140
8.274
7.858
6.276
7.526
10.517
7.602
6.600
7.665
6.793
6.625
6.420
7.748
7.837
7.107
6.419
7.923
8.251
9.372
8.961
6.193
9.947
8.535
8.923
6.112
10.599
6.620
8.492
9.297
8.684
6.845
9.546
8.072
6.258
8.241
7.912
7.049
10.543
11.351
6.112
6.392
6.874
7.008
8.763
6.371
9.253
9.673
6.556
8.708
5.973
6.474
6.776
6.984
7.259
7.540
6.595
8.889
7.382
9.194
7.926
6.194
6.345
7.235
6.242
7.804
7.392
11.637
6.859
8.980
6.258
8.629
7.300
7.921
8.144
7.074
7.759
6.433
8.000
6.001
8.729
8.355
8.086
9.105
8.988
6.273
7.058
7.713
6.493
8.740
7.017
7.354
7.194
6.687
6.699
7.631
6.545
7.738
9.673
6.442
6.521
8.613
7.646
6.374
6.325
8.842
7.633
8.530
7.301
6.705
6.133
6.674
6.737
9.564
10.026
7.351
10.521
8.198
9.339
6.029
6.151
7.292
7.885
6.797
6.803
7.474
6.252
6.635
8.114
9.494
6.808
7.834
6.325
6.596
6.127
9.389
6.221
6.263
6.590
6.249
9.912
6.947
8.518
7.058
6.113
7.303
6.330
13.464
6.485
6.185
8.907
6.636
6.260
8.556
6.211
10.199
6.328
7.274
8.753
7.726
6.496
6.093
8.869
6.999
6.404
6.163
6.413
7.811
6.315
9.614
6.499
10.163
6.443
7.195
6.485
12.610
7.492
7.252
6.358
6.281
6.466
6.697
12.122
10.540
7.772
6.219
6.665
10.016
9.586
10.062
8.350
6.752
6.155
6.190
9.050
6.473
6.819
6.318
6.232
6.716
6.386
6.310
6.743
6.790
6.418
6.640
6.351
8.697
6.301
6.209
6.644
6.174
6.401
6.079
6.847
6.205
9.657
6.149
6.386
7.325
6.885
6.713
6.019
6.251
7.845
6.442
12.157
7.091
6.145
6.256
6.308
6.969
6.421
6.357
6.289
6.398
9.015
7.198
6.473
6.371
7.011
6.353
6.530
6.714
13.081
6.844
6.518
6.645
6.044
6.200
6.248
6.116
6.602
6.241
6.361
7.358
9.010
6.392
6.722
7.568
6.293
6.317
6.245
6.327
6.338
6.594
7.999
7.186
6.400
6.425
12.357
8.085
13.199
6.396
6.617
6.234
7.630
6.326
7.536
6.365
6.622
6.431
13.699
6.113
6.080
8.266
6.418
6.414
6.391
7.534
6.488
6.256
8.508
5.993
6.495
6.302
6.218
6.456
8.692
6.740
6.168
6.507
8.988
8.665
6.267
6.417
6.306
6.662
8.230
10.353
6.313
6.529
6.327
6.246
6.437
5.971
6.400
6.295
6.251
6.907
6.385
6.722
6.598
6.471
6.317
6.809
6.101
6.103
6.441
6.450
6.223
6.915
6.387
6.345
6.355
6.130
6.380
6.357
6.386
7.272
6.016
6.512
6.304
6.605
6.440
7.355
6.304
6.164
7.156
6.189
6.127
6.196
12.583
6.175
9.092
6.584
6.346
9.411
11.741
6.309
6.181
6.332
6.168
10.344
10.542
7.633
9.777
10.218
6.755
6.276
8.334
7.473
11.079
6.645
6.308
6.441
9.677
6.437
11.054
6.346
10.366
7.890
7.764
6.186
9.193
8.020
8.976
6.886
7.195
6.278
7.034
10.328
7.605
6.387
6.657
6.793
6.586
7.599
7.992
6.445
7.385
6.482
6.722
8.015
11.544
9.682
6.238
6.178
8.944
6.632
6.427
11.243
6.685
6.160
10.002
8.363
7.466
9.612
9.676
6.415
8.233
6.977
8.908
6.686
6.652
7.868
9.976
7.991
10.848
7.786
5.950
7.093
9.483
12.177
6.771
6.458
9.520
8.222
10.909
11.933
9.429
6.390
8.527
8.907
10.516
11.091
13.500
6.140
8.306
7.171
7.450
11.173
10.769
8.514
6.786
8.994
9.271
6.493
9.559
11.026
6.238
11.373
6.712
10.452
7.898
11.049
7.855
8.035
7.789
9.480
7.643
7.106
6.545
7.350
6.593
9.779
11.535
9.482
6.246
8.546
13.896
7.888
8.217
10.171
9.682
6.182
6.869
7.793
7.594
8.201
11.997
7.708
10.939
10.010
8.073
8.442
7.423
7.664
8.838
10.485
6.689
6.982
8.935
8.950
6.978
7.523
12.602
11.027
11.632
10.121
11.669
8.386
7.025
8.683
11.871
11.006
8.774
8.634
8.642
9.338
9.200
7.467
6.562
8.545
8.391
12.085
12.773
7.093
8.473
9.588
7.907
8.705
8.965
9.858
10.223
12.119
8.751
13.937
9.753
11.125
7.281
7.699
6.393
10.444
9.095
6.154
8.152
6.523
8.823
6.867
8.713
8.600
11.595
8.761
8.535
12.062
6.496
11.089
11.847
7.997
8.221
9.304
9.653
8.208
7.907
7.671
8.111
9.331
11.331
9.954
6.396
7.602
6.428
11.709
9.819
9.266
8.671
10.798
12.460
9.027
9.258
6.223
6.489
7.525
10.825
7.859
9.124
7.114
8.010
11.960
9.761
6.185
6.592
8.614
7.490
9.285
8.769
6.650
9.207
12.144
7.611
7.010
6.814
10.618
9.078
6.458
9.988
8.410
7.549
8.002
7.941
7.853
8.967
8.514
8.312
7.743
7.687
6.039
8.831
7.261
9.025
9.023
8.518
6.636
10.179
9.164
6.303
9.738
11.908
11.161
11.094
13.476
7.402
6.236
9.099
10.394
8.326
8.194
11.091
9.390
10.028
6.576
6.193
9.095
9.928
7.486
10.700
8.836
6.620
9.608
6.799
7.558
11.240
6.957
6.249
9.443
12.814
10.860
7.437
9.504
10.973
6.382
12.494
8.959
6.418
6.608
13.136
13.270
6.221
13.789
10.872
9.213
6.960
10.565
11.619
7.157
11.848
8.649
9.979
11.325
7.711
6.794
12.357
10.903
7.336
6.721
12.832
10.981
7.179
6.997
6.105
6.150
9.740
12.913
6.851
12.525
8.958
8.162
9.729
6.264
13.193
7.379
6.200
7.146
6.230
10.199
9.676
11.017
6.170
10.189
10.001