10.560
12.577
12.212
6.464
7.267
7.053
10.007
10.909
6.866
6.370
6.646
8.928
6.656
8.966
7.096
6.252
9.590
8.953
9.913
6.802
9.536
9.007
7.923
7.231
7.727
7.264
9.549
9.348
6.747
6.933
8.700
8.711
11.167
6.520
7.225
8.840
11.377
7.883
7.076
8.526
7.032
8.269
8.157
7.496
7.394
7.872
7.120
9.173
8.268
10.348
6.856
7.807
7.229
7.060
8.867
12.291
7.281
7.656
6.394
6.575
8.363
7.587
7.517
9.605
9.531
8.920
8.559
9.869
9.116
10.273
6.931
7.120
7.408
10.485
6.417
7.378
7.041
6.846
7.834
7.484
9.690
7.228
7.423
7.637
8.061
8.733
7.533
6.933
6.447
6.564
9.183
9.099
7.673
9.492
14.407
8.084
6.762
7.645
8.043
7.615
6.661
10.648
7.758
9.647
8.183
10.544
8.878
8.999
8.215
7.079
10.618
11.260
10.483
6.742
9.729
6.969
9.675
8.589
10.180
6.832
7.376
9.000
6.156
10.473
8.143
6.794
8.219
10.723
6.305
7.576
7.112
11.429
7.945
8.265
13.173
10.570
7.190
8.962
7.023
6.513
7.885
8.548
8.584
8.878
7.038
10.266
9.118
9.253
8.213
6.452
8.161
7.694
7.769
8.953
8.475
8.684
7.642
8.436
8.032
11.370
6.830
10.203
9.598
6.985
8.812
6.697
10.012
6.473
10.765
9.850
8.374
8.990
12.612
6.656
9.851
9.839
7.530
10.711
9.834
9.172
8.515
6.128
9.946
8.468
9.650
9.412
11.657
8.455
9.283
10.517
9.207
8.316
7.496
8.259
9.874
10.639
9.019
6.995
7.214
6.127
8.153
10.679
9.039
8.789
8.112
11.718
11.311
7.079
7.233
7.718
8.322
9.182
8.265
10.071
6.461
7.624
9.471
9.663
6.591
7.260
6.705
7.621
6.286
11.114
6.722
6.308
6.557
6.516
9.524
7.361
9.920
8.578
6.832
7.687
7.064
13.035
6.654
6.109
9.985
8.236
7.598
10.438
6.948
12.261
6.501
8.616
8.260
8.755
7.940
6.726
10.476
9.038
7.441
6.306
6.538
10.172
7.642
9.749
7.357
10.167
6.867
7.805
6.560
13.423
8.452
8.339
6.504
6.409
7.145
8.002
12.406
10.543
7.874
6.363
9.040
11.884
9.369
10.243
7.560
7.585
6.196
7.616
7.349
6.995
8.006
6.896
6.766
8.147
8.333
8.468
9.214
8.700
6.596
6.862
7.830
8.395
7.266
6.267
7.255
6.301
8.970
6.464
8.190
7.048
8.506
7.411
7.382
7.684
7.408
8.980
7.455
7.170
6.474
6.768
10.684
8.049
7.880
7.429
6.737
7.275
6.947
6.695
7.038
7.570
9.127
7.656
6.845
6.556
7.724
7.210
7.109
7.439
13.720
8.399
7.677
7.184
6.266
6.349
7.019
7.779
7.364
7.209
7.395
7.826
10.017
6.432
7.493
9.718
6.431
6.398
6.289
7.066
6.685
7.623
8.381
7.151
6.385
6.973
12.035
8.384
13.867
7.249
7.150
6.718
8.110
6.461
8.577
7.670
6.831
7.381
13.482
6.221
7.678
8.739
6.654
7.228
6.384
7.314
7.604
6.546
7.865
6.811
7.037
6.672
6.520
7.145
8.339
7.214
6.650
7.198
10.419
9.714
6.400
6.933
6.567
7.403
9.406
10.063
6.761
6.679
6.562
6.155
6.400
6.528
7.340
6.638
6.515
7.029
6.852
7.054
7.099
6.698
6.479
6.969
6.666
6.281
6.446
7.000
6.589
6.924
6.911
6.476
6.534
6.386
6.246
7.123
6.091
6.942
6.056
7.091
6.502
6.748
6.885
7.095
6.819
6.676
7.818
6.267
6.649
6.567
12.867
6.567
9.843
7.166
7.505
8.596
10.315
6.517
6.205
6.248
6.225
10.010
10.468
7.906
10.330
8.551
6.979
6.584
8.197
6.568
10.753
7.074
6.529
6.524
9.280
6.472
9.652
6.555
9.904
9.767
6.940
6.361
9.270
7.085
10.289
7.521
7.237
6.246
6.709
9.428
8.228
6.461
6.681
7.172
7.361
7.234
7.954
6.512
6.550
6.501
7.341
7.375
10.165
7.441
6.348
6.254
9.364
6.804
6.458
10.948
6.754
6.512
9.155
9.285
6.865
9.322
9.973
6.360
7.058
6.643
7.835
7.524
6.375
8.142
10.988
8.295
10.638
8.080
6.700
6.922
9.667
10.250
7.399
7.465
9.070
7.629
11.179
10.914
8.339
6.515
9.512
7.494
10.519
11.576
12.032
6.326
7.085
6.608
7.268
10.385
11.166
7.826
7.366
10.605
9.092
6.502
8.334
11.033
6.339
12.393
6.444
10.298
8.057
8.357
6.670
6.603
6.885
10.212
8.165
7.582
6.599
7.007
6.622
8.308
10.352
10.158
6.239
8.064
12.868
8.109
7.847
9.264
6.931
6.479
6.527
8.207
7.974
6.855
12.248
7.146
10.555
8.983
8.485
7.440
7.647
7.451
8.065
10.086
7.371
6.975
9.109
8.602
6.491
6.912
10.021
9.544
11.078
9.540
12.062
7.135
6.333
9.332
11.797
10.261
8.497
7.965
7.391
7.053
8.110
7.871
6.754
8.077
6.713
10.261
12.170
8.224
9.033
9.467
7.018
8.438
8.883
7.543
9.251
10.614
7.813
12.242
9.802
9.996
8.448
8.191
6.423
7.877
8.157
6.611
7.968
6.634
8.367
6.978
7.076
7.534
11.603
8.428
7.439
10.097
7.909
9.459
7.633
7.992
7.152
9.634
9.915
7.231
7.159
7.162
7.150
9.359
10.051
9.739
6.614
7.148
6.548
11.286
9.373
7.177
8.227
9.411
11.362
8.285
7.310
7.152
7.407
8.709
8.183
8.550
8.469
7.280
7.508
9.711
10.445
6.959
7.187
8.245
8.331
9.410
11.763
6.807
9.882
10.652
9.497
6.755
6.391
9.827
8.491
6.854
8.402
6.567
7.130
7.402
8.946
6.758
7.126
7.322
7.945
7.912
6.593
6.459
10.662
7.636
7.797
7.413
9.643
7.980
6.872
7.306
6.713
9.609
8.399
8.335
10.949
9.459
9.763
7.045
8.366
8.467
7.864
7.261
9.759
7.276
10.821
7.417
6.567
7.192
8.337
8.892
7.354
9.363
6.741
7.862
8.218
8.234
9.247
7.842
6.831
9.341
10.390
7.542
6.598
7.265
8.153
6.316
11.485
8.582
6.610
6.372
10.783
10.514
6.931
12.674
8.966
9.504
9.282
7.857
10.474
9.613
7.806
7.538
8.094
9.498
7.117
6.962
11.661
8.301
9.947
6.447
11.930
10.946
6.946
7.210
8.115
6.509
9.222
9.557
6.862
8.630
9.598
8.251
8.610
7.093
8.975
6.688
6.241
6.842
9.553
10.345
9.448
9.895
6.610
8.956
6.919