9.295
11.742
11.625
6.232
6.207
6.182
9.536
8.063
6.577
6.088
6.410
8.736
6.242
8.487
6.682
6.290
8.319
7.772
8.569
6.357
9.803
9.531
6.366
6.541
7.871
7.141
9.200
9.197
5.939
6.479
7.826
8.301
11.816
6.523
7.257
7.014
10.836
6.789
6.451
8.166
6.360
8.316
6.892
6.404
6.519
7.947
6.476
9.389
7.930
9.774
6.406
7.333
7.532
7.119
9.136
11.900
6.929
7.859
5.990
6.466
6.818
8.278
7.377
9.235
9.330
8.528
9.127
8.962
8.872
10.312
6.345
7.046
6.742
9.665
6.333
6.492
6.905
6.934
7.637
6.568
9.076
6.923
7.115
8.086
7.232
8.110
7.302
6.447
6.364
6.174
9.192
7.893
7.264
8.160
13.556
7.910
6.711
8.062
7.476
6.936
6.586
10.994
7.502
9.479
7.457
9.839
9.306
8.268
8.362
6.653
10.414
11.145
10.206
6.473
9.564
7.046
9.503
9.301
9.094
6.632
7.424
8.921
6.240
10.484
8.064
6.502
7.961
10.718
6.050
6.936
7.356
11.972
7.314
8.486
13.048
10.665
6.930
8.408
6.121
6.463
7.855
8.266
8.287
8.560
6.800
10.010
8.361
8.853
8.116
6.271
6.919
7.640
6.959
7.746
9.045
8.952
7.016
8.059
6.257
11.790
6.768
9.594
9.967
6.583
7.921
6.807
10.012
6.268
10.948
10.194
8.141
8.598
12.550
6.317
8.965
9.403
7.015
10.632
9.913
8.815
8.525
6.197
9.339
8.542
8.919
9.260
11.893
7.667
7.635
10.437
9.201
7.095
6.807
8.558
10.429
10.308
9.122
6.700
7.084
6.197
8.542
10.657
9.348
8.795
7.831
11.467
10.932
6.705
6.157
7.982
7.932
8.915
7.737
10.156
6.222
7.780
9.275
9.645
6.447
7.278
6.411
7.191
6.108
10.977
6.480
6.410
6.391
6.285
9.953
7.286
9.944
8.580
7.247
7.809
6.598
12.513
6.448
6.182
8.945
8.206
6.728
10.190
6.392
12.130
6.423
8.684
7.648
8.906
8.051
7.280
10.471
7.712
7.440
6.128
7.178
10.011
7.234
9.641
6.928
9.777
6.852
8.116
6.526
13.491
8.074
7.964
6.787
6.301
7.194
7.216
12.533
10.455
7.723
6.213
8.105
11.844
9.325
10.566
7.783
7.366
6.092
7.418
7.366
6.722
7.998
6.415
6.677
8.204
7.597
8.115
8.791
8.276
6.445
6.647
7.978
8.270
6.766
6.151
7.119
6.356
8.457
6.514
7.879
6.432
8.651
6.253
6.657
7.842
7.591
7.767
6.979
6.775
6.401
6.416
11.105
8.089
7.655
7.152
6.492
7.610
6.788
6.680
6.665
7.142
9.218
7.931
6.849
6.328
7.560
7.123
6.926
7.488
14.008
8.319
7.535
6.871
6.338
6.184
6.963
7.074
7.799
6.906
7.266
7.764
9.919
6.270
7.070
9.564
6.305
6.340
6.565
7.055
6.518
7.456
8.460
7.010
6.581
6.920
12.101
8.496
13.887
6.762
6.930
6.438
8.350
6.253
8.364
7.747
6.469
6.934
13.532
6.176
7.086
9.025
6.580
6.712
6.381
7.379
6.944
6.239
8.218
6.162
6.395
6.526
6.206
6.454
8.779
7.267
6.405
6.839
10.109
9.563
6.228
6.349
6.533
6.753
9.256
10.601
6.924
6.687
6.412
6.284
6.390
6.420
6.672
6.467
6.218
6.653
6.695
6.879
6.736
6.511
6.368
6.739
6.475
6.248
6.359
6.858
6.234
6.699
6.476
6.317
6.400
6.342
6.234
6.387
6.176
7.155
6.068
6.972
6.271
6.790
6.559
7.280
6.621
6.221
7.668
6.245
6.261
6.278
12.803
6.409
9.728
6.923
7.040
9.293
10.594
6.333
6.255
6.114
6.099
10.014
10.578
7.882
10.752
8.955
7.113
6.218
8.305
6.475
10.947
6.935
6.273
6.425
9.255
6.363
9.671
6.240
9.892
8.425
7.138
6.346
9.058
7.226
10.086
7.828
7.071
6.206
6.621
9.527
8.288
6.396
6.685
6.862
7.087
7.379
7.912
6.367
6.657
6.518
7.406
7.600
10.228
7.857
6.390
6.151
9.490
6.997
6.287
11.348
7.024
6.330
9.535
9.108
6.934
9.034
9.657
6.404
6.996
6.771
8.003
7.175
6.549
8.274
10.435
8.286
11.033
7.967
6.339
7.185
9.819
10.821
7.457
6.496
9.323
8.061
11.479
11.323
8.402
6.382
9.710
7.997
10.146
11.363
12.099
6.224
7.178
6.700
7.595
10.572
11.421
7.977
6.648
10.413
9.157
6.543
8.606
10.835
6.304
11.529
6.565
10.392
8.063
8.997
6.808
6.625
6.978
10.025
8.610
7.528
6.455
7.065
7.201
9.480
10.315
10.125
6.271
8.653
13.257
7.984
7.717
9.077
7.164
6.455
6.410
8.196
8.121
7.077
12.302
7.268
10.296
9.351
8.702
7.633
7.707
7.052
8.336
10.060
6.996
6.397
8.277
8.591
6.575
7.028
10.373
9.316
11.101
9.734
11.482
7.016
6.440
9.283
11.695
10.410
8.119
8.764
7.628
7.858
8.053
7.799
6.932
8.042
6.808
10.857
12.000
8.220
9.233
9.204
7.328
7.624
8.580
7.962
9.828
11.045
7.753
12.066
10.284
10.075
8.616
7.910
6.635
8.162
8.027
6.859
8.132
6.819
8.387
6.405
6.696
8.008
11.627
8.575
7.602
10.175
7.828
9.638
8.657
7.852
6.954
9.683
9.747
6.831
7.255
6.942
7.419
9.121
9.632
10.684
6.341
7.312
6.293
11.116
9.365
7.059
8.432
9.121
11.459
8.979
7.370
6.925
7.198
8.697
9.349
7.794
8.236
7.331
8.429
9.830
10.341
7.362
7.000
9.064
7.484
8.927
11.896
6.579
9.416
10.676
9.823
6.692
6.497
9.926
8.894
6.728
8.856
6.483
6.881
7.126
8.738
6.911
7.413
7.498
7.737
6.688
6.894
6.209
11.111
8.216
7.893
7.190
9.688
8.139
7.107
8.223
6.429
9.118
8.659
7.879
10.432
10.087
9.482
6.424
7.953
8.361
8.215
8.001
10.014
7.704
11.307
7.627
6.575
7.008
7.917
8.101
7.186
10.299
6.590
8.133
7.391
7.330
10.045
9.072
6.923
10.497
10.912
7.743
6.715
7.699
8.874
6.424
11.502
8.657
6.409
6.427
11.490
10.828
6.596
12.385
9.779
9.634
8.574
7.635
9.664
8.895
8.216
7.580
7.771
9.855
7.561
7.197
11.668
8.554
9.047
6.327
11.488
12.583
7.104
7.119
7.734
6.256
9.797
10.964
6.580
9.688
9.426
8.089
8.551
6.830
9.672
6.467
6.218
6.794
7.502
11.761
8.465
8.955
6.578
8.146
7.186